
# 12 32
# 18 22
# 21 33
# 63 27
# 72 33
# 106 40
# 111 40
# 147 40

11 13 2
0 1 1 1 0 0 0 0 0 0 1 1 0
0 1 0 1 0 0 0 1 0 1 1 0 1
0 0 0 0 0 1 1 1 0 1 1 1 1
1 1 1 0 0 1 0 0 0 0 0 1 0
1 1 0 0 0 1 1 1 0 0 1 1 0
1 0 0 1 1 0 1 0 1 0 1 0 1
1 0 1 0 1 1 1 0 1 1 0 0 0
0 0 1 1 0 1 0 0 1 0 1 0 0
1 0 1 0 1 0 1 1 1 0 1 0 1
0 1 0 0 0 1 1 1 1 1 1 1 1
1 0 0 1 0 0 0 0 0 1 1 0 1
8 8 8
0 0 0 1 0 1 0 0
0 1 0 0 1 1 0 0
0 0 0 1 1 1 0 1
0 1 1 1 0 1 1 1
0 1 1 1 0 0 1 0
0 0 1 0 0 0 0 1
1 0 0 1 0 1 0 0
1 1 1 0 1 1 1 0
12 6 4
1 1 1 1 0 1
1 0 1 0 0 0
0 0 1 0 0 1
1 1 1 0 1 0
0 1 0 1 0 1
0 1 0 0 0 1
0 0 1 1 1 0
0 0 0 0 0 0
1 1 1 0 1 0
1 1 1 1 0 1
1 0 0 0 1 0
0 0 1 0 1 0
10 10 2
1 1 1 0 0 1 0 1 0 0
0 1 0 0 0 0 1 0 1 0
0 1 0 1 1 0 0 0 0 1
0 1 1 1 0 0 1 0 0 1
0 1 0 1 0 1 0 1 1 0
0 0 0 0 1 0 1 0 0 1
0 1 0 1 1 1 0 0 0 0
0 1 0 0 1 0 1 0 0 1
1 0 1 0 1 1 0 0 1 1
0 1 0 0 0 1 1 1 1 0
11 11 10
0 0 1 1 0 0 1 0 0 1 0
0 0 1 0 0 0 0 1 0 0 0
1 1 0 1 0 1 1 0 0 0 1
1 0 0 0 1 1 1 1 1 0 0
0 1 0 1 1 1 0 0 0 1 1
0 0 0 1 1 0 1 0 0 0 1
0 0 1 0 0 1 1 0 0 1 0
0 1 0 0 0 1 0 0 0 1 1
1 1 1 1 0 0 1 0 1 0 0
0 1 0 0 1 0 0 1 0 1 0
1 1 0 0 1 1 1 0 0 0 0
14 14 2
1 1 1 0 0 1 0 0 0 0 1 1 0 1
0 0 1 0 0 0 1 1 1 1 1 1 1 0
0 1 0 0 0 0 0 0 1 0 0 1 1 0
1 0 0 1 0 1 0 1 1 1 1 1 0 0
1 1 0 0 0 1 1 1 1 0 0 0 1 0
1 1 0 0 1 0 1 1 0 0 1 0 1 1
0 1 0 0 1 1 0 1 1 0 0 0 0 0
0 1 0 1 1 0 0 0 1 0 0 0 1 0
0 0 0 1 0 0 0 0 1 1 0 0 1 1
1 0 1 1 1 0 0 0 1 0 0 0 0 1
0 1 1 1 0 1 1 0 0 1 1 0 1 1
0 0 0 0 0 1 1 1 1 0 0 0 0 0
0 0 0 1 0 0 0 1 0 1 1 1 1 0
1 0 1 0 1 0 0 0 0 0 0 0 0 0
14 14 2
1 0 1 0 0 0 1 0 0 1 0 1 1 0
1 1 0 0 1 0 0 0 0 0 0 0 1 0
1 1 0 0 1 1 1 0 0 0 0 1 1 1
1 0 0 1 0 1 1 1 0 0 1 0 0 1
1 1 1 0 1 0 0 0 0 0 0 0 0 1
1 1 1 1 0 0 0 0 0 1 1 0 0 0
0 1 0 1 1 1 0 1 1 0 1 1 1 1
1 1 1 0 1 1 0 0 1 0 0 1 1 0
1 0 0 1 1 1 0 1 0 1 0 1 0 1
1 0 0 1 0 0 0 1 0 0 1 1 0 1
0 0 0 0 1 0 0 1 0 1 0 1 0 0
0 1 0 0 1 1 0 0 1 1 0 0 0 0
1 1 1 0 1 1 1 0 1 0 0 0 1 0
1 1 1 1 1 1 0 1 1 0 1 1 0 1
15 15 2
1 0 0 0 0 1 0 1 0 0 0 0 0 1 0
0 0 0 1 0 0 1 0 1 1 0 0 0 0 1
0 0 1 0 0 0 0 0 0 1 0 1 1 1 1
0 1 0 0 0 0 1 0 0 0 1 1 1 0 1
1 0 1 0 1 1 1 1 1 1 1 0 1 0 1
0 1 0 0 1 0 1 0 1 0 0 1 1 0 0
1 1 0 0 0 1 1 1 1 0 1 1 1 0 0
1 0 1 0 0 0 0 1 0 1 0 0 0 1 0
0 0 1 1 1 0 0 0 1 0 1 0 0 0 1
1 1 0 0 1 0 0 1 0 1 0 0 1 0 0
1 1 1 1 1 0 0 1 0 0 0 0 1 1 1
1 1 0 1 1 1 0 0 1 0 1 1 1 0 1
0 1 0 1 0 0 1 0 1 1 0 0 0 1 1
1 0 1 0 0 0 1 0 1 0 0 0 0 1 0
1 1 1 0 1 0 1 0 0 0 1 0 1 1 0