<<<<<<< HEAD
3
3 7
#.....#
#.....#
##...##
3 7
#.....#
#.....#
##..###
8 10
##########
#........#
#........#
#........#
#........#
#........#
#........#
##########
=======
5
4 12 15
9 9 9 9 9 9 9 9 9 9 9 9
9 9 9 9 9 9 9 9 9 9 9 9
9 9 9 9 9 9 9 9 9 9 9 9
9 9 9 9 9 9 9 9 9 9 9 9
9 9 9 9 9 9 9 9 9 9 9 9
9 9 9 9 9 9 9 9 9 9 9 9
9 9 9 9 9 9 9 9 9 9 9 9
9 9 9 9 9 9 9 9 9 9 9 9
9 9 9 9 9 9 9 9 9 9 9 9
9 9 9 9 9 9 9 9 9 9 9 9
9 9 9 9 9 9 9 9 9 9 9 9
9 9 9 9 9 9 9 9 9 9 9 9
9 9 9 9 9 9 9 9 9 9 9 9
9 9 9 9 9 9 9 9 9 9 9 9
9 9 9 9 9 9 9 9 9 9 9 9
3 10 10
0 0 0 0 0 0 0 0 0 0
1 0 1 0 1 0 0 0 0 0
1 0 3 0 1 1 0 0 0 1
1 1 1 0 1 2 0 0 0 9
1 1 4 0 1 1 0 0 1 1
1 1 4 1 1 1 2 1 1 1
1 1 5 1 1 1 1 2 1 1
1 1 6 1 1 1 1 1 2 1
1 1 1 1 1 1 1 1 1 5
1 1 7 1 1 1 1 1 1 1
2 9 10
0 0 0 0 0 0 0 0 0
0 0 0 0 0 0 0 0 0
0 1 0 0 0 0 0 0 0
0 1 0 0 0 0 0 0 0
1 1 0 0 1 0 0 0 0
1 1 0 1 1 1 0 1 0
1 1 0 1 1 1 0 1 0
1 1 1 1 1 1 1 1 0
1 1 3 1 6 1 1 1 1
1 1 1 1 1 1 1 1 1
3 6 7
1 1 0 0 0 0
1 1 0 0 1 0
1 1 0 0 4 0
4 1 0 0 1 0
1 5 1 0 1 6
1 2 8 1 1 6
1 1 1 9 2 1
4 4 15
0 0 0 0 
0 0 0 0 
0 0 0 0 
1 0 0 0 
1 0 0 0 
1 0 0 0 
1 0 0 0 
1 0 5 0 
1 1 1 0 
1 1 1 9 
1 1 1 1 
1 6 1 2 
1 1 1 5 
1 1 1 1 
2 1 1 2
>>>>>>> a128b385374db56932d4477e70e0adb183c25f38
