11
12 2 6
1 1
1 1
1 1
1 0
1 0
0 1
0 1
0 0
0 0
1 0
1 0
1 0
13 20 7
0 1 1 0 0 1 1 1 1 1 1 0 0 0 1 1 1 1 0 1
1 0 0 0 1 0 1 0 1 1 0 0 0 1 1 0 1 0 1 0
1 0 1 1 1 1 1 1 1 1 0 1 1 1 1 1 1 0 1 0
1 1 1 1 0 0 1 0 1 1 0 1 1 1 1 1 0 0 1 1
1 1 1 1 0 1 0 0 0 1 0 1 0 1 1 0 1 1 0 1
1 0 0 1 0 1 1 0 0 1 1 1 1 1 1 1 1 1 0 0
1 0 1 0 1 0 1 0 0 0 0 0 0 0 0 1 1 0 0 1
0 1 1 0 1 1 0 1 0 1 1 1 0 1 1 0 0 1 0 0
1 1 1 1 1 0 0 1 1 1 0 0 1 1 1 1 0 1 0 0
1 1 0 1 0 1 1 0 0 1 1 1 0 0 1 0 0 0 1 0
0 1 1 0 1 1 0 0 0 0 1 0 0 1 1 0 1 0 1 1
1 0 0 0 0 0 1 0 1 1 0 1 1 0 1 1 1 0 0 1
0 1 1 1 0 0 1 1 0 1 1 0 1 0 1 1 1 1 1 1
13 20 5
0 1 0 0 1 1 1 0 1 1 1 0 0 0 1 0 0 1 1 1
0 0 1 0 1 0 0 1 1 0 1 0 0 0 1 0 0 0 0 1
0 1 0 1 0 1 1 0 0 1 0 0 0 0 0 0 1 1 1 1
1 0 1 0 0 1 0 1 0 1 1 0 1 1 0 1 0 0 0 0
1 1 1 1 0 1 0 1 0 1 1 0 0 0 1 0 0 1 0 0
1 1 1 0 0 1 0 0 1 0 1 0 1 0 0 1 0 0 1 1
0 1 1 0 0 1 1 0 1 0 1 0 1 1 1 1 1 0 0 1
0 0 0 0 1 1 1 1 1 0 0 1 1 1 0 1 1 1 0 0
1 1 1 0 1 1 1 1 1 0 1 0 1 1 1 1 0 1 1 0
1 0 0 1 1 0 1 1 1 1 1 0 1 1 0 0 1 0 1 0
1 1 1 1 0 0 0 0 1 1 0 1 1 0 1 1 1 0 1 1
0 0 1 0 0 1 1 1 0 1 1 1 1 0 0 0 0 1 0 0
0 0 1 1 0 0 1 1 1 0 0 0 0 1 0 0 1 0 1 0
13 20 7
1 0 1 1 1 1 0 1 0 0 1 0 1 0 1 0 1 1 0 0
0 1 0 0 1 0 1 1 1 1 1 1 1 1 0 1 0 0 1 0
0 1 1 1 0 0 1 1 0 0 1 0 1 1 0 1 1 1 1 1
0 0 0 1 1 0 1 0 0 0 0 1 1 1 0 1 1 1 1 0
1 1 0 1 0 1 1 1 0 0 0 1 1 1 0 1 0 0 0 1
0 1 0 1 0 0 1 0 1 1 1 1 0 0 0 0 1 1 1 1
0 0 1 0 0 0 0 0 1 0 1 0 0 1 1 0 0 1 1 1
0 1 0 1 0 1 1 1 0 1 0 0 0 0 0 0 1 0 0 0
0 1 1 0 1 0 1 1 1 0 0 0 0 1 0 1 1 0 0 1
0 0 0 0 0 1 0 0 0 1 1 0 0 0 0 0 0 1 0 1
1 0 0 1 1 0 1 0 1 1 1 0 1 1 0 1 0 1 0 1
1 1 0 0 1 1 1 1 1 1 0 1 1 1 1 1 1 1 0 0
0 1 1 0 0 1 0 0 1 1 1 0 0 0 0 1 0 1 0 1
13 20 5
1 1 0 1 0 1 1 0 0 1 1 0 0 1 0 1 0 0 0 1
1 1 0 1 1 0 0 0 1 1 1 1 1 0 0 0 0 1 0 1
1 1 0 0 0 1 0 0 1 0 0 1 0 0 0 0 1 1 0 0
1 0 1 1 1 1 1 1 1 0 1 0 0 0 1 1 0 1 1 0
0 1 0 0 1 1 1 0 1 0 1 0 1 0 0 0 0 1 0 0
1 0 1 0 0 0 0 0 0 1 0 1 0 0 1 0 0 0 0 1
1 0 1 0 0 0 1 1 1 0 1 1 0 1 1 0 1 1 1 0
0 0 0 0 0 0 0 1 0 0 0 0 1 1 1 1 1 1 0 1
0 1 1 1 0 1 1 1 0 0 1 1 0 1 0 0 0 1 0 0
0 1 0 0 0 1 0 1 1 1 1 0 1 0 1 1 0 1 0 0
1 0 1 1 1 0 1 1 0 0 0 1 0 1 1 0 1 0 0 0
0 0 0 1 0 1 0 1 1 1 0 1 1 1 0 0 0 0 1 1
1 1 0 1 0 1 1 1 0 0 0 1 1 1 1 0 0 1 0 0
13 20 4
1 1 1 0 1 0 0 0 0 1 0 0 1 1 1 0 1 1 1 1
1 0 1 0 0 1 0 1 0 0 0 1 0 0 1 1 1 0 1 1
1 1 1 0 0 1 0 1 1 1 0 0 1 0 0 1 1 0 1 1
1 0 1 0 1 1 0 0 1 0 1 0 1 1 1 0 1 0 0 0
0 1 1 1 0 0 0 1 0 1 0 1 0 1 0 1 1 0 0 1
1 0 1 0 1 1 0 1 0 1 0 1 1 0 0 1 0 1 0 0
0 1 0 1 1 0 0 0 0 0 1 0 1 1 1 1 0 0 0 0
1 1 0 0 0 1 0 0 1 0 0 1 1 1 0 1 1 1 1 1
0 0 0 1 1 0 0 1 0 1 1 0 1 0 0 1 1 0 1 1
1 1 1 0 0 0 1 0 0 0 1 0 0 1 0 0 0 0 1 0
1 1 1 0 0 0 1 0 0 1 0 0 1 1 1 1 1 1 0 0
1 0 0 1 1 1 0 1 1 0 0 1 0 0 0 0 0 0 1 0
0 0 0 0 0 1 1 0 0 0 0 0 0 0 1 0 0 0 0 0
13 20 6
1 0 1 0 1 1 0 0 1 1 1 0 0 0 1 1 1 1 1 1
0 0 0 1 0 0 0 1 1 1 1 1 0 1 1 0 0 0 1 1
0 0 1 0 1 1 1 1 1 0 0 0 1 0 1 0 1 0 1 0
0 1 1 1 1 0 0 0 0 0 0 1 0 0 1 0 1 1 0 0
0 1 0 1 0 1 1 0 1 1 1 1 1 0 0 1 0 0 1 0
1 1 1 0 0 0 0 0 1 1 1 1 0 0 0 0 1 0 0 1
0 0 0 1 1 1 0 0 1 1 1 0 1 1 1 1 0 1 1 0
1 1 0 0 0 0 0 1 1 0 0 1 0 1 0 1 0 1 1 1
1 1 1 0 1 1 0 1 1 1 0 1 0 1 1 1 1 0 0 1
1 1 1 0 0 1 0 0 0 0 0 0 1 0 1 0 0 0 0 0
0 1 0 0 1 1 1 0 0 1 0 1 1 0 0 1 0 1 0 1
1 1 0 1 1 0 1 0 0 0 0 0 1 1 0 1 1 1 0 1
0 0 0 1 1 0 1 0 1 0 1 1 0 0 0 1 1 0 1 0
13 20 8
0 0 1 1 1 1 1 1 0 0 1 0 1 1 1 0 1 0 1 0
1 0 0 0 1 1 0 1 1 1 1 0 0 1 1 1 1 1 0 1
0 0 1 1 0 1 0 1 0 1 0 0 0 1 0 0 1 0 0 0
0 1 1 1 0 0 0 0 1 0 1 0 0 0 0 0 0 0 0 0
1 0 0 1 0 0 0 0 1 0 1 0 1 0 0 0 1 0 1 1
1 1 0 1 1 0 1 1 0 0 0 1 1 1 1 0 0 1 1 1
0 1 0 0 1 1 0 0 0 0 0 0 0 1 0 1 1 1 1 0
0 0 1 0 1 1 0 0 1 0 1 1 1 0 0 0 0 1 0 0
1 0 0 1 1 0 1 1 0 1 0 0 0 1 1 1 0 0 0 0
0 1 0 0 1 1 1 1 1 0 0 1 1 1 1 0 1 1 1 1
1 0 1 1 0 0 1 0 0 0 1 0 0 1 0 0 0 1 1 0
1 1 0 0 0 0 0 0 1 1 1 1 1 1 1 1 0 1 0 1
1 1 0 0 1 1 1 1 0 1 0 1 1 1 0 1 0 0 1 1
13 20 7
0 0 1 1 0 0 1 1 1 1 1 0 1 0 0 0 0 1 1 1
0 1 1 1 0 1 0 0 1 0 1 1 0 0 1 0 1 1 0 0
1 1 0 1 1 0 0 1 0 1 0 1 1 0 0 1 0 1 0 1
0 1 1 1 0 1 0 0 1 1 1 0 0 1 0 1 0 1 1 0
1 0 0 0 0 0 0 1 0 1 1 0 1 1 0 0 0 1 0 1
0 0 1 0 0 0 0 1 0 1 1 1 1 0 0 1 0 1 0 1
0 1 0 1 1 1 0 1 0 1 1 1 1 1 1 0 1 0 0 1
0 0 0 0 1 1 0 1 1 0 1 0 0 1 1 1 1 0 0 1
0 1 0 1 0 0 1 1 0 1 0 0 0 0 1 0 0 0 0 0
1 1 1 0 1 1 0 0 1 1 0 1 0 0 1 0 1 1 0 1
1 1 0 1 1 1 0 0 0 1 1 1 1 0 0 0 0 0 1 0
0 1 0 1 1 0 1 0 1 1 0 1 1 0 0 1 0 0 1 0
0 1 1 1 1 0 0 0 1 0 1 0 1 1 1 0 0 0 0 0
13 20 10
1 1 1 1 1 1 1 0 1 0 0 1 1 0 1 1 0 1 1 0
0 0 1 0 0 1 1 0 1 1 1 1 1 0 0 1 0 0 1 1
1 1 0 1 1 0 1 1 1 1 1 0 1 1 0 0 0 1 1 0
1 0 1 1 0 1 0 0 1 0 0 1 1 0 0 0 0 1 0 1
0 1 0 1 0 0 1 0 0 0 0 1 1 1 0 0 0 0 1 0
0 1 0 0 0 1 0 1 1 1 0 1 1 1 1 1 0 0 0 1
0 1 1 0 0 1 1 0 1 1 0 0 1 1 0 0 1 1 0 1
0 0 1 1 1 1 1 1 1 1 1 0 1 1 1 0 1 1 0 0
1 0 0 1 0 0 0 1 0 1 1 0 0 1 0 1 1 1 1 0
0 0 0 0 1 1 1 1 1 0 1 1 0 1 1 1 1 0 1 1
0 0 0 1 0 1 1 0 1 0 0 0 1 1 0 1 0 1 0 1
1 1 1 0 1 0 1 1 0 0 0 0 1 1 1 1 1 1 0 0
0 1 1 1 1 1 1 1 1 0 0 0 0 0 1 0 1 1 0 0
13 20 9
0 0 0 1 1 0 1 1 0 0 1 1 0 1 1 0 0 1 0 0
0 0 0 1 1 0 0 0 1 0 0 0 0 0 0 0 0 1 1 0
1 1 1 0 0 1 1 0 0 1 1 0 1 0 1 0 0 0 0 1
0 1 0 1 1 1 1 1 0 1 1 1 1 0 0 1 1 0 0 0
1 1 1 0 1 0 1 0 1 1 0 0 0 0 0 0 0 0 0 0
0 0 0 0 0 1 1 0 1 1 1 0 1 0 1 0 0 1 1 0
1 1 0 1 0 0 0 0 1 0 0 1 0 1 1 1 0 1 1 1
1 1 0 1 0 0 1 1 0 0 0 0 0 1 0 1 0 0 1 0
1 0 0 0 0 0 0 1 0 1 1 1 0 1 0 0 0 0 1 1
0 1 1 1 1 1 0 1 0 1 1 0 0 0 1 1 1 0 0 0
0 0 0 0 1 1 0 1 0 1 1 1 1 1 1 0 1 1 1 0
1 1 1 0 1 0 0 1 0 0 1 1 1 0 0 0 0 0 0 0
0 1 1 1 1 0 0 1 0 0 0 1 1 1 0 1 0 1 1 0